[[[[[ 6.54785156e-01  4.04296875e+00 -2.23632812e+00 ...
     -1.27500000e+01  1.09531250e+01 -1.14609375e+01]
    [-1.18457031e+00  3.73632812e+00 -6.76269531e-01 ...
     -8.77343750e+00  4.62109375e+00 -7.35156250e+00]
    [ 2.84960938e+00  5.19531250e+00 -1.96484375e+00 ...
     -1.41093750e+01  1.34531250e+01 -1.36718750e+01]
    ...
    [-9.15527344e-02  6.37109375e+00 -1.02929688e+00 ...
     -1.31875000e+01  1.40234375e+01 -1.41953125e+01]
    [ 5.84960938e-01  5.99218750e+00 -7.37304688e-01 ...
     -1.24296875e+01  1.35156250e+01 -1.46250000e+01]
    [-7.49511719e-01  4.76171875e+00 -1.76953125e+00 ...
     -1.34062500e+01  1.37734375e+01 -1.41640625e+01]]

   [[ 7.35839844e-01  5.38085938e-01 -2.21679688e+00 ...
     -1.23125000e+01  1.17421875e+01 -8.27343750e+00]
    [-2.31933594e-01  8.07128906e-01 -4.78515625e-01 ...
     -8.91406250e+00  7.67187500e+00 -5.97265625e+00]
    [ 3.76757812e+00  1.03027344e+00 -2.10351562e+00 ...
     -1.42265625e+01  1.67656250e+01 -1.17265625e+01]
    ...
    [ 7.37304688e-02  2.13867188e+00 -9.03808594e-01 ...
     -1.52187500e+01  1.99062500e+01 -1.55078125e+01]
    [ 9.08203125e-02  1.54003906e+00 -3.48632812e-01 ...
     -1.34296875e+01  1.84062500e+01 -1.45000000e+01]
    [-1.43261719e+00  1.30957031e+00 -1.51855469e+00 ...
     -1.45234375e+01  1.89531250e+01 -1.59765625e+01]]

   [[ 6.72851562e-01  6.67480469e-01 -2.01367188e+00 ...
     -1.17812500e+01  9.61718750e+00 -7.14843750e+00]
    [ 5.79589844e-01  1.45898438e+00 -4.35791016e-01 ...
     -8.75781250e+00  5.98437500e+00 -5.92578125e+00]
    [ 3.39843750e+00  2.66357422e-01 -1.95898438e+00 ...
     -1.43203125e+01  1.62812500e+01 -1.28671875e+01]
    ...
    [ 9.15527344e-02 -1.32568359e-01 -5.72265625e-01 ...
     -1.24140625e+01  1.34765625e+01 -1.04375000e+01]
    [ 1.08691406e+00 -1.62597656e-01 -2.21679688e-01 ...
     -1.36171875e+01  1.83437500e+01 -1.47421875e+01]
    [-1.18261719e+00 -5.12695312e-02 -1.33886719e+00 ...
     -1.46562500e+01  1.89687500e+01 -1.56718750e+01]]

   ...

   [[ 4.50781250e+00 -6.60644531e-01 -1.51074219e+00 ...
     -1.90000000e+01  2.45468750e+01 -1.40312500e+01]
    [-2.23242188e+00  2.42431641e-01 -4.66796875e-01 ...
     -1.77968750e+01  2.71718750e+01 -1.87343750e+01]
    [-3.95507812e+00  9.11621094e-01 -4.88769531e-01 ...
     -1.00000000e+01  6.98437500e+00 -7.07812500e+00]
    ...
    [-8.17871094e-02  1.75878906e+00 -4.13330078e-01 ...
     -1.35546875e+01  1.66875000e+01 -1.30937500e+01]
    [ 1.48242188e+00  2.14843750e+00 -3.69873047e-01 ...
     -1.49609375e+01  2.08906250e+01 -1.61562500e+01]
    [-9.18945312e-01  1.91894531e+00 -1.32910156e+00 ...
     -1.55312500e+01  2.13906250e+01 -1.67812500e+01]]

   [[ 4.39453125e+00 -9.23828125e-01 -1.02929688e+00 ...
     -1.90625000e+01  2.44062500e+01 -1.38203125e+01]
    [-2.18554688e+00 -4.70214844e-01 -4.30419922e-01 ...
     -1.83906250e+01  2.76406250e+01 -1.95468750e+01]
    [-3.91992188e+00  3.23730469e-01 -3.27148438e-01 ...
     -9.95312500e+00  7.15625000e+00 -8.28125000e+00]
    ...
    [ 5.85937500e-01  1.67285156e+00 -3.50097656e-01 ...
     -1.33125000e+01  1.59843750e+01 -1.43203125e+01]
    [ 1.80664062e+00  1.17480469e+00 -2.82958984e-01 ...
     -1.60156250e+01  2.27343750e+01 -1.75625000e+01]
    [-1.62988281e+00  7.81250000e-01 -1.19628906e+00 ...
     -1.67968750e+01  2.47968750e+01 -1.83125000e+01]]

   [[ 2.86328125e+00 -3.53125000e+00 -9.99511719e-01 ...
     -1.62343750e+01  1.81718750e+01 -1.30078125e+01]
    [-1.43359375e+00 -3.32226562e+00 -5.22460938e-01 ...
     -1.29140625e+01  1.52031250e+01 -1.25234375e+01]
    [-2.51367188e+00 -1.31933594e+00 -2.54150391e-01 ...
     -7.70312500e+00  2.24023438e+00 -4.59375000e+00]
    ...
    [-3.60595703e-01 -1.58496094e+00 -6.73828125e-01 ...
     -1.02343750e+01  7.75781250e+00 -1.04531250e+01]
    [ 1.26464844e+00 -2.53710938e+00 -2.09472656e-01 ...
     -1.19609375e+01  1.23046875e+01 -1.18906250e+01]
    [-1.08691406e+00 -2.62890625e+00 -1.22753906e+00 ...
     -1.30468750e+01  1.62031250e+01 -1.34765625e+01]]]


  [[[ 8.92089844e-01  4.28125000e+00 -2.98437500e+00 ...
     -7.19531250e+00  7.57031250e+00 -6.52343750e+00]
    [-1.44531250e+00  3.29687500e+00 -1.31250000e+00 ...
     -4.60937500e+00  3.82421875e+00 -4.13281250e+00]
    [ 2.08789062e+00  4.85937500e+00 -2.81054688e+00 ...
     -7.75000000e+00  8.35937500e+00 -6.58203125e+00]
    ...
    [-1.25244141e-01  6.08984375e+00 -2.07226562e+00 ...
     -8.24218750e+00  1.05000000e+01 -8.46093750e+00]
    [ 6.13281250e-01  5.63671875e+00 -1.86914062e+00 ...
     -7.67578125e+00  1.04687500e+01 -8.93750000e+00]
    [-9.76562500e-01  4.79296875e+00 -2.57812500e+00 ...
     -8.37500000e+00  1.05625000e+01 -9.26562500e+00]]

   [[ 1.05957031e+00  6.74804688e-01 -2.93945312e+00 ...
     -7.23046875e+00  7.66406250e+00 -3.92578125e+00]
    [-4.35058594e-01 -8.10546875e-02 -1.11718750e+00 ...
     -4.64843750e+00  6.50000000e+00 -3.46484375e+00]
    [ 3.24414062e+00  5.05859375e-01 -2.81640625e+00 ...
     -7.75390625e+00  9.94531250e+00 -5.30078125e+00]
    ...
    [ 2.21923828e-01  1.49121094e+00 -1.96972656e+00 ...
     -8.65625000e+00  1.41171875e+01 -8.96875000e+00]
    [ 2.57324219e-01  8.32519531e-01 -1.56445312e+00 ...
     -7.61718750e+00  1.34296875e+01 -9.44531250e+00]
    [-1.47070312e+00  1.54492188e+00 -2.48046875e+00 ...
     -9.81250000e+00  1.48750000e+01 -1.07265625e+01]]

   [[ 9.87792969e-01  6.95312500e-01 -2.63671875e+00 ...
     -6.66796875e+00  6.49218750e+00 -3.27343750e+00]
    [ 1.46484375e-03  4.14550781e-01 -8.51074219e-01 ...
     -4.27343750e+00  5.48437500e+00 -3.67773438e+00]
    [ 2.89648438e+00 -2.93457031e-01 -2.48437500e+00 ...
     -7.42187500e+00  1.03671875e+01 -7.27734375e+00]
    ...
    [-8.76464844e-02 -9.20410156e-01 -1.17578125e+00 ...
     -6.94140625e+00  9.96875000e+00 -6.99218750e+00]
    [ 9.54589844e-01 -9.82421875e-01 -1.12304688e+00 ...
     -8.20312500e+00  1.40156250e+01 -1.04921875e+01]
    [-1.28906250e+00  1.26953125e-02 -2.12695312e+00 ...
     -1.02109375e+01  1.56250000e+01 -1.12187500e+01]]

   ...

   [[ 4.66796875e+00 -7.96386719e-01 -2.91992188e+00 ...
     -1.26953125e+01  1.77968750e+01 -9.67968750e+00]
    [-1.94238281e+00 -9.22851562e-02 -1.98437500e+00 ...
     -1.27500000e+01  2.20937500e+01 -1.23671875e+01]
    [-3.92578125e+00  1.48681641e-01 -9.19921875e-01 ...
     -5.09375000e+00  6.17187500e+00 -4.44921875e+00]
    ...
    [-2.99072266e-01  6.07910156e-01 -1.01953125e+00 ...
     -8.39843750e+00  1.28671875e+01 -8.78125000e+00]
    [ 1.15234375e+00  1.10449219e+00 -1.19628906e+00 ...
     -9.36718750e+00  1.60312500e+01 -1.11796875e+01]
    [-1.01855469e+00  1.89941406e+00 -2.13671875e+00 ...
     -1.05625000e+01  1.69531250e+01 -1.19687500e+01]]

   [[ 4.58593750e+00 -1.05175781e+00 -2.56445312e+00 ...
     -1.31406250e+01  1.78593750e+01 -9.37500000e+00]
    [-1.89648438e+00 -8.21777344e-01 -1.99316406e+00 ...
     -1.39062500e+01  2.29843750e+01 -1.29843750e+01]
    [-3.78125000e+00 -3.40087891e-01 -9.82910156e-01 ...
     -6.12500000e+00  6.62500000e+00 -4.85937500e+00]
    ...
    [ 2.95654297e-01  5.72753906e-01 -1.10156250e+00 ...
     -8.53906250e+00  1.22031250e+01 -9.39843750e+00]
    [ 1.67871094e+00  1.82373047e-01 -1.32226562e+00 ...
     -1.05312500e+01  1.73125000e+01 -1.26015625e+01]
    [-1.41406250e+00  8.81347656e-01 -2.32421875e+00 ...
     -1.27187500e+01  2.00781250e+01 -1.32109375e+01]]

   [[ 3.19921875e+00 -3.54101562e+00 -2.25195312e+00 ...
     -1.06093750e+01  1.43593750e+01 -8.70312500e+00]
    [-1.03125000e+00 -3.74218750e+00 -1.62207031e+00 ...
     -9.20312500e+00  1.27578125e+01 -7.35546875e+00]
    [-2.21875000e+00 -1.86621094e+00 -7.91015625e-01 ...
     -4.31250000e+00  2.28515625e+00 -1.86914062e+00]
    ...
    [-1.92138672e-01 -2.12500000e+00 -1.32031250e+00 ...
     -5.25781250e+00  5.97265625e+00 -6.94140625e+00]
    [ 1.35058594e+00 -3.19531250e+00 -9.91210938e-01 ...
     -6.83593750e+00  9.71093750e+00 -8.81250000e+00]
    [-8.07617188e-01 -2.90820312e+00 -1.90039062e+00 ...
     -8.99218750e+00  1.29609375e+01 -9.87500000e+00]]]


  [[[-1.17675781e-01  1.65527344e+00 -3.41601562e+00 ...
     -4.29687500e+00  6.86328125e+00 -6.07812500e+00]
    [-1.47265625e+00  2.91748047e-01 -1.49707031e+00 ...
     -4.79296875e+00  2.66015625e+00 -2.58007812e+00]
    [ 1.17089844e+00  1.27832031e+00 -3.59765625e+00 ...
     -4.27343750e+00  8.13281250e+00 -4.63671875e+00]
    ...
    [-1.50390625e+00  2.43750000e+00 -2.51367188e+00 ...
     -5.58984375e+00  8.32812500e+00 -6.40234375e+00]
    [-1.06542969e+00  2.15039062e+00 -2.28515625e+00 ...
     -5.76953125e+00  7.91015625e+00 -6.20703125e+00]
    [-1.77148438e+00  1.81933594e+00 -3.05664062e+00 ...
     -5.39453125e+00  8.08593750e+00 -7.36328125e+00]]

   [[ 3.69384766e-01  6.35742188e-01 -3.17578125e+00 ...
     -5.40625000e+00  5.33203125e+00 -3.73046875e+00]
    [-5.06347656e-01 -5.41992188e-02 -1.16699219e+00 ...
     -5.94921875e+00  2.90625000e+00 -1.68261719e+00]
    [ 2.33984375e+00  2.00195312e-02 -3.59765625e+00 ...
     -6.54687500e+00  8.21875000e+00 -3.13867188e+00]
    ...
    [-7.48046875e-01  1.58691406e+00 -2.25390625e+00 ...
     -7.74218750e+00  1.00000000e+01 -6.49218750e+00]
    [-6.04492188e-01  8.38378906e-01 -1.89062500e+00 ...
     -7.15625000e+00  9.40625000e+00 -5.53125000e+00]
    [-1.95214844e+00  1.57421875e+00 -2.91992188e+00 ...
     -7.24218750e+00  9.88281250e+00 -8.03125000e+00]]

   [[ 2.34375000e-01 -1.10351562e-01 -2.78906250e+00 ...
     -5.26953125e+00  4.17968750e+00 -3.19726562e+00]
    [-6.78222656e-01 -9.95605469e-01 -8.03710938e-01 ...
     -5.96484375e+00  1.86718750e+00 -1.22460938e+00]
    [ 1.83789062e+00 -1.14550781e+00 -3.09179688e+00 ...
     -6.35546875e+00  8.03125000e+00 -4.08203125e+00]
    ...
    [-1.21777344e+00 -7.15332031e-01 -1.33886719e+00 ...
     -6.36718750e+00  6.26171875e+00 -3.86914062e+00]
    [-2.80761719e-01 -7.97363281e-01 -1.40234375e+00 ...
     -6.85937500e+00  9.25000000e+00 -5.74609375e+00]
    [-1.81835938e+00  3.70117188e-01 -2.42187500e+00 ...
     -7.30078125e+00  9.68750000e+00 -7.62890625e+00]]

   ...

   [[ 3.05664062e+00 -1.75976562e+00 -3.06250000e+00 ...
     -8.28125000e+00  1.31171875e+01 -5.15625000e+00]
    [-2.56445312e+00  7.98339844e-02 -2.35156250e+00 ...
     -9.62500000e+00  1.37500000e+01 -7.87109375e+00]
    [-3.64257812e+00 -1.16796875e+00 -7.39746094e-01 ...
     -6.06250000e+00  2.52734375e+00 -1.89160156e+00]
    ...
    [-1.56250000e+00 -5.52734375e-01 -9.70703125e-01 ...
     -6.83203125e+00  8.10156250e+00 -4.47656250e+00]
    [-4.05761719e-01 -7.08496094e-01 -1.43750000e+00 ...
     -7.21093750e+00  1.10937500e+01 -6.06250000e+00]
    [-1.45019531e+00  7.09960938e-01 -2.38476562e+00 ...
     -7.39062500e+00  1.11484375e+01 -8.24218750e+00]]

   [[ 3.01171875e+00 -2.10937500e+00 -2.77929688e+00 ...
     -8.19531250e+00  1.29218750e+01 -5.25390625e+00]
    [-2.38476562e+00 -4.18945312e-01 -2.35937500e+00 ...
     -9.63281250e+00  1.42734375e+01 -8.07812500e+00]
    [-3.33789062e+00 -7.99804688e-01 -8.10058594e-01 ...
     -5.54687500e+00  3.06640625e+00 -2.81054688e+00]
    ...
    [-5.92773438e-01 -2.01171875e-01 -8.39355469e-01 ...
     -6.47265625e+00  8.82812500e+00 -5.72265625e+00]
    [ 3.32031250e-01 -5.91308594e-01 -1.34667969e+00 ...
     -7.67578125e+00  1.24687500e+01 -7.23437500e+00]
    [-1.78515625e+00  5.96191406e-01 -2.53320312e+00 ...
     -8.52343750e+00  1.29140625e+01 -8.64062500e+00]]

   [[ 1.36816406e+00 -2.62109375e+00 -2.22656250e+00 ...
     -6.10156250e+00  8.00000000e+00 -5.63671875e+00]
    [-2.26953125e+00 -1.95605469e+00 -1.70214844e+00 ...
     -6.42968750e+00  5.26562500e+00 -4.79296875e+00]
    [-2.14843750e+00 -1.14550781e+00 -4.86328125e-01 ...
     -4.97265625e+00 -6.53320312e-01 -1.45214844e+00]
    ...
    [-1.12988281e+00 -1.47656250e+00 -7.97851562e-01 ...
     -5.41796875e+00  2.75390625e+00 -4.19531250e+00]
    [-1.01318359e-01 -2.40039062e+00 -8.39355469e-01 ...
     -5.81250000e+00  4.64843750e+00 -5.42187500e+00]
    [-2.04882812e+00 -1.14453125e+00 -1.82714844e+00 ...
     -6.24218750e+00  6.58984375e+00 -6.62109375e+00]]]]]
